#include <iostream>
using namespace std;
struct Point 
{
	int hang, cot;
};
struct Queue
{
	int rear, front;
	Point queue[100000];
	Queue()
	{
		rear = front = 0;
	}
	void push(Point a)
	{
		queue[rear] = a;
		rear++;
	}
	Point pop()
	{
		Point a;
		a = queue[front];
		front++;
		return a;
	}
	bool isEmpty()
	{
		if(rear == front) return true;
		else return false;
	}
};
int N,sl_movang;
Point mo_vang[5];
int map[25][25], MT_copy[25][25];
int visit[25][25];
int dx[4] = {0,-1,0,1};
int dy[4] = {-1,0,1,0};
Point so_movang_den_dc[5];
int length;
int lonnhat, nhonhat;
int dem;
void BFS(Point S)
{
	Queue Q = Queue();
	Q.push(S);
	visit[S.hang][S.cot] = 0;
	while(!Q.isEmpty())
	{
		Point p = Q.pop();
		for(int i = 0; i<4;i++)
		{
			int h = p.hang + dx[i];
			int c = p.cot + dy[i];
			if(h >= 1 && h <=N && c >= 1 && c <= N && visit[h][c] == -1 && map[h][c] != 0)
			{
				visit[h][c] = visit[p.hang][p.cot] + 1;
					if(map[h][c] == 2)
					{
						dem++;
						if(visit[h][c] > lonnhat)
						{
							lonnhat = visit[h][c];
						}
						Point tmp;
						tmp.hang = h;
						tmp.cot = c;
						so_movang_den_dc[length] = tmp;
						length++;
					}
				
				Point tp;
				tp.hang = h;
				tp.cot = c;
				Q.push(tp);
			}
		}
	}
}
void resetvisit()
{
	for(int i = 1; i<=N; i++)
	{
		for(int j = 1; j<=N; j++)
		{
			visit[i][j] = -1;
		}
	}
}
int main()
{
	freopen("Text.txt","r",stdin);
	int T;
	cin >> T;
	for(int tc = 1; tc <= T; tc++)
	{
		cin >> N >> sl_movang;
		for(int i = 1; i<=sl_movang;i++)
		{
			cin >> mo_vang[i].hang >> mo_vang[i].cot;
		}
		for(int i = 1; i<=N; i++)
		{
			for(int j = 1; j<=N; j++)
			{
				cin >> map[i][j];
				visit[i][j] = -1;
				for(int k = 1; k<=sl_movang;k++)
				{
					if(i == mo_vang[k].hang && j == mo_vang[k].cot)
					{
						map[i][j] = 2;
					}
				}
			}
		}
		int nho = 9999999;
		int sl = 0;
		Point movang[5] = {-1};
		for(int i = 1; i<= N; i++)
		{
			for(int j = 1; j<= N; j++)
			{
				if(map[i][j] == 1)
				{
					Point t;
					t.hang = i;
					t.cot = j;
					length = 1;
					lonnhat = 0;
					dem = 0;
					BFS(t);
					if(dem > sl)
					{
						sl = dem;
						nho = lonnhat;
						for(int k =1; k<length;k++)
						{
							movang[k] = so_movang_den_dc[k];
						}
					}
					else if(dem == sl)
					{
						if(nho > lonnhat)
						{
							nho = lonnhat;
							for(int k =1; k<length;k++)
							{
								movang[k] = so_movang_den_dc[k];
							}
						}
					}
					resetvisit();
				}
			}
		}
		for(int i = 1; i<=sl; i++)
		{
			for(int j = 1; j<=sl_movang; j++)
			{
				if(movang[i].hang == mo_vang[j].hang && movang[i].cot == mo_vang[j].cot)
				{
					mo_vang[j].hang = -1;
					mo_vang[j].cot = -1;
				}
			}
		}
		cout << "Case #" << tc << endl;
		if(sl == 0)
		{
			cout << "-1" << endl;
		}
		else if(sl == sl_movang)
		{
			cout << nho << endl;
		}
		else
		{
			cout << nho << endl;
			for(int i = 1; i<=sl_movang;i++)
			{
				if(mo_vang[i].hang != -1 && mo_vang[i].cot != -1)
				{
					cout << mo_vang[i].hang <<" " << mo_vang[i].cot << endl;
				}
			}
		}
	}
	return 0;
}

// input
50
5 2
4 3
3 4
1 1 0 0 0
1 1 0 0 0
1 1 1 1 1
1 1 1 0 1
1 1 1 1 1
8 2
5 6
6 4
1 1 1 1 1 1 0 0
1 1 1 1 1 1 1 0
1 1 0 1 0 1 1 0
1 1 1 1 0 1 1 0
1 1 1 1 1 1 1 0
1 1 1 1 1 1 1 0
0 0 0 0 0 0 0 0
0 0 0 0 0 0 0 0
10 3
8 2
5 3
7 1
0 0 0 1 1 1 1 1 1 0
1 1 1 1 1 1 1 1 1 0
1 0 0 1 0 0 0 0 1 0
1 1 1 1 1 1 1 1 1 1
1 1 1 1 0 1 0 0 1 1
1 1 1 1 0 1 0 0 1 1
1 1 1 1 0 1 0 0 1 1
1 1 1 1 1 1 1 1 1 1
1 1 1 0 0 1 0 0 1 1
1 1 1 1 1 1 1 1 1 1
8 3
1 2
2 8
5 8
0 1 0 0 0 0 0 0
0 1 0 1 1 1 1 1
0 1 0 1 0 0 0 1
0 1 1 1 0 0 0 1
0 1 0 1 0 0 0 1
0 1 0 1 1 1 1 1
0 1 0 0 1 0 0 0
0 1 0 0 1 0 0 0
10 4
9 6
1 9
7 5
6 6
1 1 1 1 1 0 0 1 1 1 
1 1 0 1 1 1 1 0 0 0 
0 1 0 1 1 0 1 1 1 1 
0 1 0 0 1 1 1 1 0 1 
0 1 0 0 1 0 1 1 1 1 
1 1 0 0 1 1 0 1 1 1 
1 1 0 0 1 1 1 1 1 1 
0 1 0 1 1 0 0 0 1 0 
1 0 1 0 1 1 1 1 1 0 
0 1 1 1 1 1 0 0 1 0 
10 3
10 4
6 7
4 5
0 0 1 0 0 0 1 0 1 0 
1 1 0 1 1 1 1 1 0 1 
1 1 0 1 1 0 1 1 0 0 
1 1 1 1 1 0 1 1 1 1 
0 1 0 1 0 1 1 1 0 1 
1 0 1 0 1 1 1 1 1 1 
0 0 0 0 0 1 1 0 1 1 
0 1 0 1 1 1 1 1 0 1 
1 0 0 1 1 1 1 1 1 0 
1 1 1 1 1 0 1 1 0 1 
10 3
8 8
6 9
7 8
0 1 1 1 0 0 0 0 1 1 
1 1 1 1 1 0 0 1 1 1 
1 1 1 1 1 0 1 1 0 1 
0 1 0 0 1 1 1 1 1 1 
0 0 0 1 0 1 0 1 1 1 
0 1 1 1 1 1 1 0 1 1 
0 0 0 0 1 1 1 1 1 1 
1 0 0 1 1 1 0 1 1 1 
0 1 0 1 1 1 1 1 1 1 
0 1 0 1 0 1 1 1 1 1 
10 3
5 2
8 2
4 6
1 1 1 0 0 1 1 1 1 1 
1 1 0 1 0 1 1 1 1 0 
1 1 0 1 1 1 0 1 1 1 
0 1 1 1 1 1 0 0 0 1 
0 1 1 0 1 0 1 1 1 1 
1 1 0 1 1 1 1 1 1 0 
0 1 0 1 1 1 1 1 0 1 
1 1 1 1 1 1 0 1 1 1 
1 1 1 0 1 1 1 1 1 0 
1 0 0 1 0 1 1 1 1 1 
10 4
8 3
1 2
9 5
5 7
1 1 1 1 1 1 1 1 1 1 
1 1 0 1 1 1 1 1 1 1 
1 1 0 1 1 1 0 1 1 1 
0 1 0 1 1 1 1 0 1 1 
0 0 0 1 1 0 1 0 1 0 
1 1 1 1 1 1 1 0 1 1 
1 1 1 1 1 1 1 1 1 1 
0 0 1 0 1 0 1 1 1 1 
1 1 1 0 1 1 1 1 1 1 
0 0 1 1 1 1 1 0 1 1 
10 2
8 4
1 10
1 0 1 1 0 1 1 1 0 1 
0 0 0 1 0 0 1 0 1 1 
1 1 0 0 1 1 0 0 1 1 
1 1 0 1 1 0 1 1 0 1 
1 1 1 1 0 1 1 1 1 0 
1 1 0 1 0 1 1 0 0 1 
1 1 0 1 1 1 0 1 1 0 
1 1 1 1 0 1 0 1 1 0 
1 0 1 0 1 0 1 1 1 1 
0 1 0 1 0 1 1 1 1 1 
10 4
3 4
4 3
4 5
6 10
1 0 0 1 1 0 0 0 1 0 
1 1 1 1 0 1 1 0 1 0 
1 0 0 1 0 1 1 1 0 1 
1 0 1 0 1 1 1 1 1 0 
0 1 0 0 1 1 1 1 0 0 
1 1 0 0 1 1 1 0 1 1 
1 0 0 1 0 1 0 1 1 0 
1 0 1 1 0 0 1 1 0 0 
1 1 1 1 1 1 1 1 0 1 
1 1 1 1 1 0 0 1 1 1 
10 2
4 6
4 8
0 0 0 1 1 0 0 1 1 1 
1 1 1 0 1 1 1 0 1 0 
1 0 1 1 0 1 1 0 1 0 
1 0 1 1 0 1 1 1 0 0 
1 1 1 1 0 1 1 1 1 1 
0 1 1 0 1 1 0 1 1 1 
1 0 1 0 1 1 1 0 1 1 
0 1 1 0 0 1 1 1 1 1 
0 0 1 0 0 1 0 1 1 0 
1 1 0 0 1 0 1 1 0 0 
10 3
6 6
2 5
6 8
0 1 1 1 1 1 1 0 1 1 
1 1 0 1 1 0 1 1 0 1 
0 1 0 1 0 1 1 0 1 1 
0 0 1 1 0 0 1 1 1 0 
1 1 0 1 1 1 1 0 0 1 
1 1 1 0 0 1 0 1 0 0 
1 0 0 0 0 0 0 1 1 1 
1 1 1 1 0 1 1 1 1 1 
1 1 1 0 1 1 0 1 0 1 
0 1 1 1 0 1 1 1 0 1 
10 4
3 2
6 7
3 9
7 9
0 0 0 1 0 1 0 0 0 1 
0 1 0 1 0 0 1 0 1 1 
0 1 1 1 0 1 0 1 1 0 
1 1 0 1 0 1 1 0 0 1 
0 1 1 1 0 1 1 1 0 1 
1 0 1 1 1 1 1 1 1 1 
0 1 1 0 1 1 1 1 1 1 
0 0 1 1 0 0 1 1 1 1 
1 1 1 1 0 1 1 1 0 1 
1 0 0 1 0 1 0 0 1 0 
10 4
1 7
2 4
9 10
7 2
1 1 0 1 1 0 1 1 1 1 
1 1 0 1 1 1 0 1 1 0 
1 1 0 1 0 1 0 0 1 1 
1 0 1 1 0 1 1 0 0 1 
1 0 0 0 0 0 1 1 1 0 
1 1 0 0 1 0 0 1 1 1 
0 1 1 1 1 1 1 0 1 0 
1 1 1 1 1 0 0 1 0 0 
0 1 0 1 1 0 0 1 0 1 
1 1 1 1 1 0 1 0 0 0 
10 2
2 2
3 6
0 1 1 1 0 1 0 1 1 1 
1 1 1 0 0 1 1 1 1 0 
0 0 0 0 1 1 0 1 1 0 
0 1 0 0 0 1 0 0 1 1 
1 1 1 1 1 1 0 1 0 1 
1 1 1 1 0 1 1 1 0 0 
1 1 0 0 1 1 1 1 1 0 
1 0 1 0 0 0 0 1 1 0 
0 1 0 1 1 1 1 1 1 1 
1 1 1 1 1 0 1 0 1 1 
10 4
1 4
9 5
4 3
1 6
0 0 1 1 1 1 1 1 0 1 
1 1 1 0 0 0 1 0 0 1 
1 1 1 0 1 0 1 0 0 0 
1 1 1 1 1 1 1 1 1 0 
0 1 0 1 0 0 1 1 1 0 
0 1 1 0 1 0 0 1 1 1 
1 1 1 1 1 1 0 0 1 1 
1 0 1 1 1 1 1 1 1 1 
1 1 1 0 1 1 1 1 0 1 
1 1 1 0 1 1 1 1 0 0 
10 2
10 10
10 6
1 1 1 0 1 0 1 1 1 1 
1 0 1 1 1 0 0 0 1 0 
1 1 1 1 0 0 1 1 1 0 
1 1 1 0 0 1 1 1 1 0 
0 1 0 1 0 1 0 0 0 1 
1 1 0 1 1 0 0 1 0 1 
1 0 1 1 1 0 0 0 0 1 
1 0 0 1 1 1 1 1 0 0 
0 1 1 1 1 1 1 0 1 0 
1 1 0 0 1 1 0 1 0 1 
10 3
6 8
9 6
6 5
0 1 0 0 1 1 0 1 0 1 
0 1 0 0 1 1 1 1 0 1 
1 0 1 0 0 1 1 1 1 1 
1 1 0 0 1 1 1 1 0 1 
0 0 1 0 0 0 1 1 1 0 
1 0 1 1 1 1 0 1 1 1 
1 1 1 1 0 0 1 0 1 1 
1 1 1 1 1 0 1 0 1 1 
0 1 0 0 1 1 1 1 0 0 
1 1 1 1 1 1 1 1 1 1 
10 3
9 4
4 2
9 10
1 1 1 0 0 1 0 1 1 0 
1 1 1 1 1 1 1 1 1 1 
1 0 1 1 1 1 1 0 0 0 
0 1 0 1 0 0 1 1 1 1 
1 1 1 1 1 1 1 1 0 1 
0 1 0 0 1 1 1 1 1 1 
1 1 0 0 0 1 1 1 1 0 
1 1 1 1 0 1 1 0 1 1 
0 1 1 1 1 1 1 1 1 1 
0 1 0 1 1 1 1 1 0 0 
12 4
8 4
6 3
12 5
5 7
1 0 1 1 0 1 0 0 0 0 1 1 
1 1 0 0 0 1 1 1 1 0 0 1 
1 0 1 0 0 0 0 1 1 0 1 1 
0 1 0 1 1 1 1 0 1 1 0 1 
0 0 0 1 1 0 1 1 0 1 0 0 
0 1 1 1 1 1 0 0 1 1 0 0 
1 1 1 0 1 1 1 1 0 1 1 0 
1 1 1 1 1 1 1 1 1 1 1 1 
1 1 0 1 1 0 0 1 1 1 1 1 
0 1 0 1 0 1 1 1 1 1 1 1 
1 1 1 1 1 0 1 0 1 0 1 1 
1 0 1 1 1 0 0 1 1 1 1 1 
12 2
6 11
6 12
1 0 0 0 1 1 0 1 1 0 1 1 
1 1 1 1 1 1 0 0 1 1 1 1 
1 1 1 1 1 1 1 1 1 1 0 1 
1 1 0 0 1 0 1 1 0 0 1 0 
0 1 0 1 0 0 0 1 1 0 0 0 
1 0 1 0 1 1 1 1 1 0 1 1 
0 0 1 0 1 0 1 1 1 0 1 0 
1 0 1 0 1 0 0 0 0 0 1 0 
0 0 0 1 1 1 0 0 0 1 0 1 
0 1 1 1 1 1 1 0 0 0 0 1 
1 1 0 0 0 1 1 0 1 0 1 0 
1 1 0 1 0 0 1 0 0 1 1 1 
12 4
11 2
2 7
8 5
12 6
0 0 1 0 1 1 0 0 0 1 1 1 
1 0 1 1 0 0 1 1 0 1 1 1 
1 1 0 1 0 1 0 1 1 1 1 1 
0 1 1 0 1 0 1 1 1 1 0 1 
1 1 1 0 0 0 0 0 0 1 1 1 
1 1 0 1 1 1 1 1 1 1 1 0 
1 1 0 1 1 1 0 1 1 1 0 1 
0 1 0 0 1 1 1 1 1 1 1 0 
1 0 0 1 1 1 0 0 1 1 0 1 
0 0 1 0 1 0 1 1 1 0 1 1 
0 1 1 1 1 1 1 0 1 0 0 0 
1 0 0 0 0 1 1 0 1 1 1 0 
12 4
7 3
11 5
2 10
10 2
0 1 1 1 0 1 1 0 1 1 0 1 
1 0 1 1 1 0 1 1 1 1 0 0 
0 0 1 1 1 0 1 0 1 1 1 1 
1 1 0 1 1 1 0 1 1 1 1 0 
1 1 0 1 0 1 1 1 1 0 1 1 
0 1 0 0 0 0 1 0 1 1 1 0 
0 0 1 1 1 0 1 0 1 0 1 1 
1 1 1 1 0 0 1 1 1 1 1 1 
1 0 1 0 1 0 1 1 0 1 0 0 
0 1 1 1 1 1 1 1 1 0 0 0 
1 1 1 1 1 1 1 1 0 0 0 1 
1 0 1 0 1 0 1 1 0 1 1 1 
12 4
4 3
5 5
11 10
10 10
0 1 0 0 1 1 1 1 1 1 1 0 
1 1 1 0 1 1 0 1 1 1 0 0 
1 1 0 1 0 1 1 0 1 1 1 1 
0 0 1 1 0 1 1 1 1 0 1 1 
0 1 1 1 1 0 0 1 0 1 1 1 
1 1 1 0 1 0 0 0 0 0 0 0 
1 1 1 0 1 1 1 1 1 0 1 0 
1 1 1 0 1 1 1 0 1 1 0 1 
1 1 1 0 1 0 1 1 0 0 1 0 
1 1 1 1 1 1 1 1 0 1 0 1 
0 0 1 1 1 1 1 1 0 1 1 1 
1 0 0 1 1 0 1 1 1 0 1 1 
12 2
11 10
3 6
1 1 1 0 0 1 1 0 0 1 0 0 
1 1 0 1 1 1 0 1 1 1 1 1 
1 0 1 0 0 1 1 0 1 1 1 1 
1 1 1 1 0 1 1 1 1 1 0 0 
1 1 1 1 1 1 1 0 1 0 1 1 
0 1 1 1 0 1 1 1 1 1 1 1 
1 1 1 1 1 1 0 1 0 1 1 0 
1 1 0 1 1 0 0 1 0 1 1 1 
1 1 0 1 0 1 1 1 1 1 0 0 
1 1 0 0 1 0 1 1 1 1 1 0 
1 0 1 0 1 0 0 0 0 1 1 1 
1 1 0 1 1 1 0 1 1 1 0 1 
12 2
2 11
1 7
0 1 1 1 1 1 1 0 0 1 1 1 
1 1 0 0 1 0 1 0 1 1 1 1 
1 0 1 0 1 1 0 1 0 1 0 1 
1 1 0 1 0 1 0 0 1 1 1 1 
0 1 0 1 1 1 1 0 1 0 1 0 
1 1 1 1 1 1 1 1 0 0 1 0 
1 1 1 1 0 1 1 1 1 0 0 0 
1 1 0 1 0 0 0 1 1 1 0 1 
1 1 1 0 1 0 0 0 1 1 0 0 
1 1 0 1 0 0 1 1 1 1 1 0 
0 1 0 0 1 1 1 1 1 0 1 1 
1 1 0 1 1 1 0 0 1 1 0 0 
12 2
3 9
9 8
1 1 1 1 1 1 1 1 0 1 1 1 
1 1 1 1 1 0 1 1 0 0 1 1 
1 0 1 0 1 0 1 1 1 0 1 1 
0 1 1 1 1 0 1 1 0 1 1 0 
1 0 0 0 0 1 0 0 1 1 1 1 
0 1 1 1 1 1 1 0 0 0 1 1 
1 0 0 1 1 1 1 1 0 0 1 0 
1 1 1 0 1 0 0 0 1 1 1 1 
1 1 1 1 0 0 0 1 1 1 1 0 
1 1 0 1 1 0 0 1 0 1 0 0 
0 1 1 1 0 1 0 1 0 0 1 1 
0 0 0 1 1 1 1 0 0 1 1 0 
12 3
5 2
12 7
10 10
1 1 1 1 1 1 1 1 1 1 1 0 
1 1 0 1 1 1 0 1 0 0 0 1 
1 0 1 1 0 1 1 0 1 0 1 1 
0 1 1 0 1 1 0 1 1 1 1 1 
1 1 1 1 1 0 0 1 1 1 0 1 
1 0 1 1 1 0 1 0 1 0 1 1 
0 0 1 1 0 1 1 0 1 1 1 0 
0 0 0 1 0 1 0 1 1 0 1 1 
1 1 1 1 1 1 1 1 0 1 1 1 
1 0 0 1 0 0 0 1 0 1 1 1 
1 0 1 0 1 0 1 1 1 1 1 1 
0 0 1 1 0 1 1 0 0 0 0 1 
12 2
8 3
8 9
1 1 0 0 1 0 0 1 0 1 1 0 
0 0 1 1 0 0 0 1 1 1 0 0 
1 1 0 1 1 1 0 0 0 0 0 0 
1 1 1 0 0 0 0 1 1 1 1 1 
1 1 1 1 1 1 1 1 1 1 1 1 
1 1 1 0 1 1 0 0 1 0 1 1 
0 1 1 1 1 0 1 0 1 0 1 0 
1 0 1 1 1 1 1 1 1 0 0 0 
1 1 1 1 0 1 0 1 0 1 1 0 
1 1 1 1 1 1 0 0 1 0 0 1 
1 1 0 1 0 0 0 0 1 1 0 1 
1 1 0 1 0 1 1 1 0 1 0 0 
15 2
7 14
1 13
1 1 1 0 1 1 1 1 1 0 1 1 1 1 1 
1 0 0 1 1 0 1 1 1 0 1 1 1 1 1 
1 1 1 0 0 1 1 1 1 0 0 1 1 1 0 
0 1 1 0 1 0 1 0 1 1 0 1 1 1 1 
0 1 0 1 1 1 1 0 1 1 1 0 1 0 1 
1 0 1 1 1 1 1 1 0 0 1 0 0 0 1 
0 1 0 0 1 0 1 1 1 0 1 1 1 1 1 
0 1 0 0 1 0 1 1 1 0 0 1 0 0 1 
1 1 1 0 1 1 1 1 1 1 0 1 1 1 0 
0 1 1 1 0 1 1 1 1 1 1 1 1 1 1 
1 1 1 0 1 0 1 1 1 0 1 1 0 1 0 
1 1 0 0 0 0 1 1 0 1 1 1 1 0 1 
1 1 0 1 0 1 1 1 0 1 1 1 0 0 1 
0 0 1 1 1 1 0 1 0 0 0 1 1 1 0 
0 1 1 1 1 1 1 0 1 0 0 1 1 0 0 
15 4
15 3
3 9
1 8
5 2
1 0 1 0 1 1 0 1 1 1 0 1 0 1 1 
1 1 0 0 0 1 1 1 1 0 1 0 1 1 1 
0 1 1 1 1 0 1 0 1 1 0 1 0 0 1 
1 1 0 1 1 1 1 1 1 1 1 0 1 1 1 
0 1 1 0 1 1 1 0 0 1 0 0 1 0 0 
1 1 1 1 1 0 1 0 0 0 1 1 0 1 1 
1 0 0 0 1 1 1 0 1 1 1 0 1 1 1 
1 1 0 1 1 0 1 1 1 1 0 1 1 0 1 
1 1 1 1 0 1 1 1 1 1 1 1 1 1 1 
1 1 0 1 0 1 1 1 1 0 1 1 1 0 0 
0 1 0 1 1 0 1 0 0 1 1 1 1 1 0 
0 1 1 1 1 1 1 1 1 1 1 1 1 0 0 
1 0 1 0 0 1 1 1 1 0 1 0 0 0 1 
1 0 1 1 1 1 1 1 1 0 0 0 1 0 0 
1 1 1 0 1 1 0 1 0 0 1 1 0 1 0 
15 4
2 8
14 14
5 8
3 4
1 1 1 0 0 1 0 1 1 1 1 0 1 1 1 
1 1 1 1 1 1 1 1 1 1 1 1 1 0 1 
1 0 1 1 0 1 1 0 1 0 0 0 1 1 1 
1 1 1 1 1 1 1 1 0 0 0 1 1 1 1 
1 1 0 0 1 0 1 1 1 0 0 1 1 0 1 
0 1 1 1 1 0 1 1 1 1 1 1 1 1 1 
0 1 0 1 1 1 0 1 0 0 1 0 0 1 1 
1 0 0 1 1 1 0 0 1 0 1 0 1 0 0 
1 1 1 0 1 1 1 1 1 1 0 1 0 1 1 
0 0 0 1 1 0 1 1 1 1 1 0 1 1 1 
0 0 0 1 1 1 1 1 1 1 1 1 1 1 1 
1 1 0 1 1 0 1 1 0 1 1 1 1 1 1 
0 1 0 1 1 1 1 0 1 0 1 1 1 1 1 
1 1 0 0 0 1 1 0 1 1 0 0 0 1 0 
1 1 1 0 0 1 1 0 1 1 1 1 1 0 1 
15 3
11 15
12 3
9 2
0 1 1 1 0 1 1 0 1 0 1 1 1 1 1 
0 1 0 0 0 0 1 0 1 1 0 1 0 0 1 
1 1 1 1 1 0 0 0 1 1 1 0 1 1 0 
1 0 1 1 1 1 1 0 1 1 1 1 1 1 1 
1 0 1 0 1 1 0 0 0 1 1 1 1 0 1 
0 1 1 0 0 0 0 1 1 1 1 1 0 0 0 
0 1 0 1 1 1 0 1 1 1 1 0 1 1 1 
1 1 1 1 1 1 1 0 1 1 1 1 1 0 1 
0 1 1 1 0 1 1 1 1 0 1 1 0 1 1 
1 1 1 1 1 1 0 1 1 1 1 1 0 1 0 
0 0 1 0 1 1 0 1 0 1 1 0 0 1 1 
1 0 1 0 1 1 0 1 1 0 1 1 0 1 1 
1 1 1 1 1 0 1 0 0 0 1 0 1 1 1 
1 0 1 0 1 1 1 1 0 1 1 0 1 0 0 
0 1 0 0 1 1 0 1 0 0 0 0 1 1 1 
15 3
2 2
1 7
3 13
1 1 1 0 1 1 1 1 1 0 1 1 1 1 1 
1 1 0 0 0 1 0 1 1 0 1 1 0 1 1 
0 1 0 1 1 1 1 1 1 0 1 0 1 1 0 
1 0 1 1 1 1 0 1 1 1 1 1 1 0 1 
0 1 0 1 0 0 1 0 0 0 1 1 1 0 1 
0 0 0 0 1 1 1 1 1 0 1 1 1 1 1 
1 1 1 1 1 1 1 0 1 1 1 0 1 1 1 
1 1 1 1 1 0 0 1 0 1 1 1 1 0 1 
1 1 1 0 1 1 0 1 0 1 1 0 1 0 1 
1 1 1 1 1 0 0 1 1 0 0 0 1 0 0 
1 1 1 0 1 1 1 1 1 1 1 1 0 0 0 
0 1 1 1 1 0 1 0 0 1 0 1 1 0 1 
1 0 1 0 1 1 1 1 1 1 1 0 0 0 0 
0 1 0 0 1 0 1 1 1 1 1 0 0 0 0 
1 0 1 1 1 1 1 1 1 0 1 0 1 0 1 
15 4
6 8
11 2
11 5
12 12
0 1 0 1 1 1 0 1 1 0 0 1 1 1 1 
0 0 1 0 1 1 0 1 1 1 1 1 1 1 1 
1 1 1 0 1 0 1 0 1 1 1 1 1 1 0 
1 1 1 1 1 1 0 1 1 1 1 1 0 1 1 
1 1 1 0 0 1 0 1 0 1 1 1 0 1 1 
0 1 1 1 1 1 1 1 1 1 0 1 1 1 1 
0 1 1 0 1 1 0 0 1 0 0 1 1 0 1 
1 1 1 1 1 1 1 0 0 1 1 1 1 1 0 
1 0 0 0 1 1 0 0 0 1 0 1 0 0 0 
1 0 1 0 1 0 1 0 1 1 0 0 0 1 1 
0 1 1 1 1 1 0 1 1 1 1 1 1 1 1 
1 1 1 0 1 0 1 1 1 1 1 1 1 1 1 
1 1 1 1 0 1 0 1 1 0 1 1 1 1 1 
0 0 1 0 0 1 1 0 1 1 1 1 1 0 1 
1 1 1 1 1 1 1 1 1 0 1 0 1 1 1 
15 4
6 10
4 15
15 8
2 9
1 1 0 1 0 1 1 1 0 1 1 0 1 1 1 
1 1 1 0 0 1 1 0 1 0 1 0 1 1 0 
1 0 1 1 0 1 1 1 1 0 0 0 1 0 0 
1 0 0 1 1 1 1 1 0 0 1 1 1 1 1 
1 1 1 1 1 1 0 0 1 0 0 1 1 0 1 
1 0 1 1 1 0 1 1 0 1 1 0 0 1 0 
0 0 0 1 1 1 1 0 0 1 0 0 0 1 1 
0 1 1 1 1 0 0 1 1 1 1 1 1 0 1 
1 0 1 1 0 0 1 0 0 1 1 0 0 1 0 
1 1 1 0 1 0 1 1 0 0 1 0 1 1 1 
1 1 1 0 1 1 1 0 1 1 0 1 1 1 1 
0 1 1 1 1 1 1 1 0 1 1 1 1 0 1 
1 1 0 0 0 1 0 1 1 1 1 1 1 1 1 
0 1 1 0 1 0 1 1 0 1 0 1 1 1 1 
0 0 1 1 1 0 1 1 1 0 0 1 1 0 1 
15 3
3 9
7 13
11 5
1 0 0 1 1 0 0 1 1 0 1 1 1 1 1 
1 1 0 0 0 1 1 1 1 0 0 1 1 0 1 
0 0 1 0 1 1 1 1 1 1 1 1 0 0 1 
1 1 1 0 1 1 0 1 0 1 0 1 0 1 1 
0 1 0 1 1 0 1 1 1 1 1 1 1 0 0 
1 0 1 0 1 1 1 1 0 1 0 1 0 1 0 
1 0 1 0 1 1 1 1 1 1 1 1 1 0 1 
1 1 0 1 1 0 1 1 0 1 1 1 1 1 0 
0 1 1 1 1 1 1 0 1 1 1 1 0 1 1 
0 1 1 0 0 0 1 0 0 1 0 0 1 1 1 
1 0 1 1 1 1 0 1 1 0 1 0 1 1 1 
1 1 0 1 0 1 1 0 1 1 1 1 1 0 0 
0 1 0 1 1 0 1 1 1 1 1 1 0 0 0 
1 1 0 0 1 0 1 1 1 1 1 0 1 1 1 
1 0 0 1 1 1 0 1 0 1 1 1 1 1 0 
15 2
7 11
10 8
1 0 1 1 1 1 0 0 1 0 1 1 0 1 1 
1 1 0 1 0 1 1 0 1 1 0 0 0 1 1 
1 0 0 1 1 1 0 1 0 1 0 1 0 1 1 
1 0 1 1 0 0 1 0 1 1 0 1 0 1 0 
1 1 1 0 1 1 0 1 1 1 1 1 1 1 0 
1 1 1 0 1 0 1 1 1 1 1 0 1 1 1 
1 1 1 1 1 1 1 0 1 1 1 1 0 1 0 
1 1 1 1 0 1 1 0 1 1 1 0 1 0 1 
1 1 1 1 1 1 0 1 1 1 1 1 1 0 1 
0 0 0 0 1 1 1 1 1 1 1 0 0 0 0 
1 1 1 1 1 0 1 1 0 0 1 0 1 0 0 
0 1 1 0 1 1 1 1 0 1 1 0 1 1 0 
1 1 0 1 1 1 0 1 1 0 0 1 1 1 0 
1 1 1 1 1 1 1 0 1 1 1 1 1 1 1 
0 1 1 1 1 0 0 0 1 1 1 1 1 1 1 
15 3
12 8
6 8
10 13
1 1 1 1 1 0 1 1 1 1 1 1 1 1 0 
0 0 1 1 1 1 1 1 1 1 1 1 1 1 1 
1 1 1 1 0 1 1 1 0 0 1 1 0 1 1 
1 0 1 1 0 1 0 1 0 0 1 0 1 1 1 
1 1 0 0 1 1 0 1 0 0 0 0 1 1 1 
1 1 0 1 0 1 1 1 0 0 0 1 0 1 1 
1 0 1 1 1 1 1 1 1 0 1 1 0 1 0 
0 1 1 0 1 0 0 0 0 0 0 0 0 0 1 
1 1 1 1 0 1 0 1 1 1 1 1 1 1 0 
1 1 1 1 1 1 1 1 0 1 0 1 1 0 1 
1 0 1 0 1 1 1 1 1 1 1 1 1 0 1 
1 1 1 1 1 0 1 1 1 1 0 1 1 1 1 
1 1 1 0 1 0 1 1 1 1 0 1 0 0 1 
1 1 1 1 1 1 1 1 1 0 0 1 1 1 1 
1 0 1 1 0 1 0 0 0 1 0 0 1 1 1 
20 2
5 14
18 17
0 1 1 1 0 1 0 1 0 0 0 1 1 1 1 1 1 0 1 1 
1 0 1 1 1 1 1 1 1 0 0 0 1 0 0 1 1 0 0 0 
1 1 1 1 1 0 0 0 1 1 0 0 0 0 1 1 0 0 0 0 
1 0 0 1 1 0 0 1 0 1 1 0 0 0 0 1 1 1 1 1 
1 1 0 0 1 1 1 0 0 1 1 1 0 1 0 1 1 1 1 1 
1 0 1 1 1 0 1 0 1 0 1 1 1 0 1 1 1 0 1 1 
0 0 1 0 1 1 1 1 1 0 0 1 1 0 1 1 1 0 1 1 
1 1 1 1 1 1 0 1 1 1 1 1 1 1 1 0 1 1 1 1 
1 0 0 0 1 0 1 1 1 1 1 0 0 1 1 1 1 1 0 1 
1 1 0 0 1 0 1 1 0 1 1 1 1 1 1 1 0 1 1 1 
1 1 1 1 0 0 1 0 0 1 1 1 0 1 1 0 0 0 0 1 
1 1 1 1 1 0 1 1 0 1 1 1 1 1 0 1 1 1 1 1 
1 1 1 0 0 1 0 1 1 1 0 0 1 1 1 1 0 1 0 1 
1 1 1 0 1 1 1 1 0 0 0 1 0 1 1 1 1 1 0 1 
1 1 1 0 1 1 0 1 1 0 0 1 1 0 0 1 0 1 0 0 
1 0 1 0 0 1 1 1 1 1 1 1 1 1 1 1 1 0 1 0 
1 1 0 0 1 1 0 1 1 0 0 1 0 0 0 1 1 0 1 0 
1 1 0 0 1 1 1 1 1 1 0 1 1 0 1 0 1 1 1 0 
0 1 0 1 0 0 0 1 0 0 1 0 1 1 0 0 0 1 1 1 
0 0 1 0 0 1 1 0 1 0 1 1 0 1 0 1 0 0 1 0 
20 3
12 4
20 4
17 2
1 0 1 1 1 1 1 1 1 1 0 0 0 0 0 1 1 1 1 0 
1 0 0 0 1 1 1 1 1 1 0 0 1 0 1 1 1 1 1 1 
1 1 1 1 0 1 1 1 0 1 1 0 0 0 1 0 0 1 1 0 
0 1 1 0 1 1 0 1 1 1 0 1 1 1 1 1 1 1 0 1 
1 0 0 1 1 1 1 1 1 1 1 0 0 1 0 0 0 0 1 0 
1 0 0 1 1 1 1 1 1 1 0 0 1 0 1 0 0 0 1 0 
1 1 0 0 1 1 0 0 1 1 1 1 1 1 0 1 0 0 1 1 
1 1 0 1 1 1 0 1 1 1 0 1 1 1 0 1 1 1 0 1 
1 0 1 1 1 1 1 0 1 0 1 1 0 1 1 1 1 0 1 1 
1 0 0 0 1 1 1 1 1 1 0 0 1 1 0 1 1 1 1 1 
1 1 0 0 0 0 1 0 1 1 1 1 1 0 1 0 0 1 0 0 
0 1 1 1 1 0 1 1 1 1 0 1 1 1 1 0 1 0 0 1 
1 1 0 1 1 0 1 0 0 1 1 1 1 0 1 1 1 0 0 1 
0 1 1 0 0 1 0 1 1 0 1 0 1 0 1 1 1 0 0 1 
0 1 1 1 1 1 1 1 0 1 1 1 0 1 1 1 0 1 0 1 
1 1 1 1 1 0 1 0 1 1 0 0 0 1 1 1 1 1 1 0 
0 1 0 1 1 1 0 0 0 1 1 1 1 0 0 1 0 1 0 1 
0 1 1 1 0 1 1 1 1 1 0 1 1 1 0 1 0 1 1 0 
0 1 0 0 1 1 0 0 0 1 1 1 1 1 0 1 0 1 0 0 
1 0 1 1 1 1 1 0 0 1 0 1 1 1 1 0 1 0 1 1 
20 2
18 14
8 13
0 0 0 0 1 1 0 0 0 1 1 0 0 1 1 1 1 1 0 1 
0 1 1 0 1 1 1 1 1 1 1 0 1 0 0 1 1 1 1 1 
0 1 1 1 1 1 1 0 1 1 1 1 1 1 1 1 1 0 1 1 
1 1 0 1 0 1 0 1 1 1 1 1 1 0 1 0 0 1 0 1 
1 1 0 0 1 0 1 1 1 1 1 0 0 0 0 0 1 0 1 0 
1 1 0 1 0 1 0 1 0 1 1 1 1 1 1 1 0 1 0 1 
1 0 1 1 1 0 1 0 1 1 1 0 1 1 1 0 0 1 0 0 
1 1 1 1 0 0 1 1 1 1 1 1 1 1 1 1 1 0 1 0 
1 0 0 1 1 1 1 1 1 0 0 1 0 0 1 1 0 0 1 1 
1 1 1 1 1 1 1 0 1 0 1 0 1 1 1 0 1 0 1 1 
1 1 1 1 1 0 0 1 0 1 1 0 1 0 0 0 1 0 1 1 
0 0 1 1 0 1 1 1 1 1 0 0 0 1 0 1 1 0 1 1 
0 0 1 0 0 1 1 1 1 0 0 1 1 0 1 1 1 0 0 0 
0 1 0 1 0 0 0 1 0 1 1 1 1 1 1 0 1 0 0 0 
0 0 0 1 0 1 1 0 0 1 0 0 1 1 1 1 1 1 1 1 
0 1 1 0 1 1 1 0 1 1 1 1 0 1 1 1 1 0 0 1 
1 1 0 1 1 0 1 1 0 0 1 1 1 1 0 0 1 1 1 1 
1 1 1 1 1 1 1 1 1 1 1 1 0 1 0 1 1 1 1 0 
1 1 1 1 0 0 1 1 1 0 1 1 1 0 1 0 1 0 0 0 
1 1 1 1 0 1 0 1 0 0 1 1 1 1 0 1 1 1 0 0 
20 2
6 16
16 6
1 1 1 1 1 0 1 1 1 1 1 0 1 0 1 0 1 1 1 0 
1 1 0 1 1 0 0 0 1 1 1 1 1 0 1 0 1 1 1 0 
1 1 1 0 1 0 0 1 1 0 1 1 1 1 1 0 0 0 1 1 
1 1 1 1 1 1 0 0 0 1 1 1 1 0 1 0 1 0 1 1 
1 1 1 0 1 1 1 1 1 0 1 1 0 0 1 0 0 1 1 1 
0 1 0 0 0 1 1 1 1 1 1 1 1 1 0 1 0 0 0 1 
1 0 1 0 0 1 1 1 1 0 1 1 1 1 0 1 1 1 1 0 
0 1 1 1 1 1 1 1 1 1 0 1 1 1 1 1 1 1 1 0 
1 1 1 0 1 1 1 0 0 1 1 0 1 1 1 0 1 1 0 1 
1 1 1 1 1 1 0 0 1 1 1 1 1 1 1 1 1 1 1 1 
1 0 1 0 0 1 1 0 1 1 0 1 0 0 0 0 1 1 1 0 
1 1 1 1 1 1 0 1 0 0 1 1 1 1 1 0 0 1 1 1 
1 1 0 1 1 1 1 1 1 1 1 1 0 1 1 1 1 1 0 1 
1 1 1 0 1 0 1 1 0 0 1 0 1 0 0 1 1 0 0 1 
0 1 1 0 1 0 1 0 1 1 1 0 0 1 1 1 0 1 1 0 
0 1 0 0 1 1 1 1 0 0 1 1 1 0 0 0 0 0 1 0 
1 1 1 1 0 1 1 1 1 1 1 1 0 0 1 1 1 0 1 1 
1 1 0 1 1 1 1 1 0 1 0 1 0 0 1 1 1 1 0 1 
1 1 1 0 1 0 1 0 1 0 0 1 1 1 0 1 1 1 0 1 
1 0 1 0 1 1 1 1 0 1 1 1 0 0 1 0 1 1 1 1 
20 4
20 13
15 16
13 9
3 9
0 1 1 1 1 0 1 1 1 0 1 1 0 1 1 1 1 1 0 1 
1 0 1 1 0 1 1 0 1 1 1 1 1 1 1 1 1 1 0 1 
0 1 1 1 0 0 1 0 1 1 1 0 1 1 1 0 1 1 1 1 
1 1 0 1 0 1 1 1 1 1 0 1 0 1 1 1 1 1 0 1 
1 1 1 1 0 0 1 1 1 1 0 1 1 0 1 0 0 1 1 1 
1 1 1 1 1 0 1 0 0 1 1 0 1 1 1 1 1 0 1 0 
1 0 1 1 1 0 0 0 1 1 0 1 0 0 1 0 0 0 1 0 
1 1 0 1 1 1 1 0 1 1 1 1 1 1 0 0 1 0 1 0 
1 1 1 1 1 1 1 0 0 1 0 1 1 1 1 1 1 0 1 1 
1 0 1 1 1 1 1 1 0 0 0 1 1 0 0 0 1 1 1 0 
0 1 1 1 1 0 1 0 1 0 1 1 1 1 1 0 1 1 0 1 
0 1 0 0 1 0 1 0 1 1 1 1 1 0 1 0 1 1 1 1 
0 0 1 1 0 1 1 1 1 1 1 1 1 0 1 1 1 0 1 1 
0 1 1 1 0 0 0 1 0 0 1 1 1 1 1 1 1 1 0 0 
1 0 1 1 0 0 1 0 1 1 1 0 1 0 0 1 1 1 1 1 
0 1 0 1 0 0 1 1 0 1 1 1 1 1 1 0 0 1 1 1 
0 1 0 1 1 0 1 1 0 1 0 0 1 0 1 0 1 0 1 1 
0 0 0 0 1 0 1 1 1 1 0 1 1 0 1 1 1 0 1 0 
1 1 1 1 1 1 1 0 1 0 0 1 0 1 1 1 1 1 0 1 
0 0 1 1 0 0 1 1 1 1 1 0 1 0 1 1 1 0 0 1 
20 3
18 2
18 11
11 16
1 1 1 0 1 1 1 1 1 0 0 1 1 1 1 0 1 1 0 1 
0 0 0 1 0 1 0 0 1 1 0 1 1 0 1 1 1 1 0 1 
1 0 1 1 1 1 1 0 1 0 0 0 0 0 1 1 1 1 0 1 
0 1 0 1 1 1 1 1 1 0 1 0 1 0 1 0 1 0 0 0 
1 1 1 1 1 1 0 1 0 0 1 0 0 0 1 1 0 1 0 1 
1 0 0 1 0 1 1 1 0 0 1 0 1 1 1 1 1 1 1 0 
1 1 0 0 1 0 1 1 0 1 1 0 1 1 1 1 1 0 1 0 
0 0 1 0 1 0 0 0 1 1 1 1 0 1 0 1 1 1 1 1 
0 1 0 0 1 1 1 0 0 0 1 1 1 1 1 1 1 0 1 0 
1 1 1 0 0 1 0 1 1 1 0 1 1 1 0 1 0 1 1 1 
1 1 1 1 1 0 1 1 1 0 0 1 1 1 0 1 1 0 1 1 
0 1 1 1 0 1 1 1 1 0 0 0 1 1 0 0 1 0 1 1 
0 1 1 0 0 0 1 1 1 1 1 1 1 0 1 1 0 1 1 0 
0 0 0 0 1 1 1 1 0 0 1 0 1 0 0 1 0 1 0 0 
1 0 1 1 0 1 0 1 0 1 1 0 1 1 1 0 0 1 1 0 
1 0 1 1 1 1 1 0 1 1 0 1 1 0 0 0 1 1 1 1 
0 0 1 1 0 0 0 1 0 1 1 1 1 1 0 1 1 1 0 1 
0 1 0 0 1 0 0 1 0 1 1 1 1 1 1 1 1 1 1 0 
1 1 0 1 1 1 0 0 1 1 0 0 1 1 0 0 0 1 1 1 
0 1 1 1 1 1 1 1 0 1 0 1 1 0 0 0 1 1 1 1 
20 3
8 4
5 10
9 14
1 1 0 1 0 1 1 1 1 1 1 0 0 1 1 0 0 1 1 1 
0 1 0 1 1 0 1 1 1 1 0 1 1 1 1 1 1 1 1 1 
1 1 0 1 1 1 0 0 1 0 1 0 1 1 1 1 1 1 0 1 
0 1 0 1 1 0 0 1 1 1 0 1 1 0 1 1 0 1 0 0 
1 1 0 1 0 1 1 1 1 1 1 1 0 1 1 1 1 1 1 0 
1 0 1 1 1 0 1 1 1 1 0 1 0 1 0 1 1 1 1 0 
0 1 0 0 0 1 1 1 1 1 1 0 0 1 0 0 1 1 1 0 
1 1 1 1 1 1 0 1 1 1 1 1 1 1 1 0 1 1 0 1 
0 1 1 0 0 1 0 0 1 1 1 1 1 1 1 1 1 0 0 0 
0 0 0 1 0 1 0 1 1 1 1 1 1 0 0 1 1 1 1 1 
1 1 1 1 0 0 0 1 1 1 0 1 1 0 1 1 1 1 1 1 
0 1 1 0 1 1 1 0 1 1 0 0 1 1 1 0 0 1 0 0 
1 0 1 1 1 1 1 0 1 1 0 0 1 1 1 1 1 0 0 1 
1 1 1 0 1 1 0 0 1 1 1 0 1 0 1 1 0 1 0 1 
1 0 1 1 0 0 1 1 0 1 1 0 0 0 1 1 1 0 1 1 
0 0 1 1 0 1 1 1 1 0 1 1 1 0 0 1 0 1 0 1 
1 1 0 1 1 1 1 1 0 1 1 1 1 1 1 1 0 1 1 1 
1 1 1 0 1 1 1 1 1 1 0 1 1 1 0 1 1 0 1 1 
0 1 0 1 0 1 0 1 0 1 0 1 1 0 1 0 1 1 1 1 
0 1 0 0 0 1 1 1 1 1 1 0 1 1 0 1 1 1 1 1 
20 2
9 4
1 10
1 0 1 0 1 1 0 0 0 1 0 1 0 0 1 1 1 1 1 0 
1 1 1 1 1 1 1 1 1 0 0 1 0 1 0 1 1 1 1 1 
1 1 1 0 1 1 1 1 1 1 1 0 1 1 1 1 0 1 0 1 
1 1 0 1 0 1 1 1 1 1 0 1 0 0 1 1 0 0 0 1 
1 1 1 0 1 1 1 0 0 1 1 0 1 1 1 1 1 1 1 0 
1 1 1 0 0 1 1 0 1 1 1 1 1 1 1 0 1 1 1 1 
1 1 1 1 1 0 0 0 1 1 0 0 1 1 1 1 1 0 1 0 
0 1 1 0 1 1 0 0 1 1 1 0 1 0 0 1 1 0 1 1 
1 0 0 1 0 1 0 0 1 0 1 1 1 1 1 1 1 0 1 0 
1 1 1 0 1 1 1 1 1 1 0 0 0 1 1 0 1 1 1 1 
1 1 1 1 1 1 0 1 0 1 1 1 1 1 1 0 1 1 1 1 
0 0 0 1 0 0 1 1 1 0 0 0 0 0 1 0 0 1 1 0 
1 1 0 1 1 1 1 0 0 0 1 1 1 1 0 1 1 1 1 0 
1 1 0 1 1 0 1 1 1 1 0 0 1 1 1 1 1 1 1 0 
1 1 0 0 0 1 0 0 1 1 1 0 0 1 0 1 1 0 1 0 
1 1 1 1 1 1 0 0 0 1 1 1 1 1 1 1 1 1 1 1 
1 0 1 1 0 1 1 1 1 0 1 1 1 0 0 0 0 0 0 1 
1 1 0 1 1 1 1 1 1 1 1 1 1 0 1 0 1 0 1 1 
1 1 1 0 1 1 0 0 1 1 1 1 1 1 1 1 1 0 1 1 
0 1 0 0 1 0 1 1 0 1 1 1 0 0 0 0 0 0 1 0 
20 4
2 10
12 6
8 17
1 3
1 0 1 1 1 0 0 1 0 1 1 0 0 0 0 0 1 1 1 0 
0 0 0 0 1 1 1 1 0 1 1 1 0 1 1 0 1 1 0 1 
0 0 1 1 1 1 1 1 0 0 1 1 1 1 1 1 0 1 1 0 
1 1 1 1 0 1 1 1 1 0 1 0 1 0 1 0 1 0 1 0 
0 1 1 1 1 1 1 1 1 0 1 1 0 1 1 1 1 0 1 1 
1 1 1 1 1 0 1 1 1 1 1 1 1 1 1 1 1 1 1 1 
0 1 0 1 0 1 1 1 1 1 1 0 0 1 1 0 1 1 1 1 
1 1 0 1 1 1 1 1 1 0 1 1 0 0 1 1 1 0 1 1 
1 0 0 1 1 1 1 0 1 1 1 1 1 1 1 1 1 1 1 1 
1 1 0 1 0 0 1 0 1 0 1 1 0 0 1 1 1 0 1 1 
1 1 1 1 1 1 1 1 0 1 1 1 0 1 1 1 0 0 1 0 
1 0 1 0 1 1 1 0 1 0 1 1 1 0 1 1 1 1 0 0 
0 1 0 1 0 1 1 0 1 0 0 0 1 0 1 0 1 0 1 1 
1 1 1 0 1 1 1 1 1 1 0 0 0 1 1 0 1 1 1 1 
1 1 1 0 1 1 1 1 0 1 0 1 1 1 1 0 0 1 0 1 
1 0 1 0 1 1 1 1 1 1 1 0 0 1 0 1 0 1 1 0 
1 0 0 0 1 1 1 1 0 0 1 1 1 0 1 1 1 1 0 1 
1 1 1 1 0 1 1 1 1 0 1 1 1 0 0 1 1 0 0 1 
1 1 1 0 1 1 1 1 1 0 0 1 0 0 1 0 0 1 1 1 
1 1 1 1 1 0 1 0 1 1 0 1 0 1 1 0 1 1 1 1 
20 2
17 2
20 20
0 0 1 0 1 0 0 1 0 1 1 1 1 1 1 0 1 1 0 1 
1 0 1 1 0 1 0 1 1 0 1 1 1 0 1 1 0 1 0 1 
0 1 1 1 1 0 1 1 0 1 0 0 0 1 0 0 1 1 1 0 
1 1 1 1 0 1 1 0 1 1 1 1 1 1 1 1 1 1 1 0 
0 0 1 1 0 1 1 1 0 0 1 1 1 1 1 0 0 1 1 1 
1 0 0 1 0 1 0 0 1 0 1 0 0 1 1 1 1 0 0 1 
1 1 1 1 1 1 0 1 1 1 1 1 0 0 1 1 0 1 0 1 
1 1 1 0 0 1 0 1 1 1 1 1 1 1 0 1 1 0 0 1 
1 0 1 0 1 0 0 1 0 0 1 0 1 1 1 1 1 1 0 0 
1 1 0 0 0 1 1 1 1 1 1 0 1 0 1 0 0 0 1 1 
1 1 1 1 0 1 0 1 1 1 1 1 1 0 1 1 1 0 1 0 
0 0 0 0 1 1 1 0 1 1 1 1 1 1 1 1 0 0 1 1 
1 1 0 0 1 1 1 1 0 1 1 0 0 1 0 1 1 1 0 0 
0 0 1 1 1 1 1 0 1 1 0 1 1 0 1 0 0 1 1 0 
1 1 0 1 1 1 1 0 1 0 1 1 1 1 1 0 0 0 1 0 
1 0 1 0 1 0 1 1 1 1 0 1 1 1 0 0 0 1 1 0 
0 1 0 0 0 0 1 1 1 1 1 0 1 1 0 0 1 1 0 0 
0 0 1 1 1 1 1 1 0 1 1 1 1 0 1 1 1 1 0 0 
0 1 1 1 1 1 0 1 1 0 0 0 1 0 1 0 1 1 0 0 
0 0 0 1 1 0 0 1 1 0 0 0 0 0 1 0 1 1 1 1

// output
Case #1
1
Case #2
2
Case #3
2
Case #4
7
Case #5
3
1 9
Case #6
8
Case #7
2
Case #8
4
Case #9
6
Case #10
1
8 4
Case #11
1
4 3
4 5
6 10
Case #12
1
Case #13
4
6 8
Case #14
6
3 9
Case #15
1
1 7
9 10
7 2
Case #16
1
3 6
Case #17
8
Case #18
1
10 10
Case #19
3
6 8
Case #20
7
Case #21
7
Case #22
2
Case #23
10
Case #24
9
Case #25
2
11 10
10 10
Case #26
6
Case #27
1
2 11
Case #28
1
9 8
Case #29
8
Case #30
3
Case #31
5
Case #32
10
Case #33
12
Case #34
12
Case #35
5
2 2
Case #36
13
Case #37
12
6 10
4 15
Case #38
8
Case #39
3
Case #40
11
Case #41
1
5 14
Case #42
8
Case #43
1
18 14
Case #44
10
Case #45
10
20 13
Case #46
8
18 2
Case #47
7
Case #48
-1
Case #49
11
Case #50
1
17 2
