5
7 1 2 3 1 2 3
2 2
6 4
3 3
7 2
1 1
2 1
1 10
4 3 2 1 6 4 3
1 5
1 3
2 4
2 2
3 1 2 3 7 6 4
10 1
11 2
13 3
5 2 2 1 2 5 4
2 4
4 6
9 1
14 10
30 15
50 31 4 1 734 134 546 
1 39
4 28
9 24
12 16
7 29
6 27
12 14
24 18
1 34
11 20
5 23
31 16
12 38
3 35
10 2
35 14
11 34
31 13
6 14
10 7
4 17
15 19
7 36
8 19
13 20
7 18
27 6
9 5
13 14
2 20
9 12
5 13
34 12
5 20
17 7
18 31
33 6
14 8
4 6
10 38
23 10
36 13
17 15
27 20
11 21
27 1
31 13
20 16
47 2
19 26